<script src="https://code.highcharts.com/highcharts.js"></script>

<div id="container"></div>



<script>
Highcharts.chart('container', {

    chart: {
        type: 'line',
        width: 900,
        height: 700
    },
    
    title: {
        text: 'Highcharts with a shared tooltip formatter'
    },

    xAxis: {
        categories: [
            '1 MAR', '2 MAR', '3 MAR', '4 MAR', '5 MAR', '6 MAR',
            '7 MAR', '8 MAR', '9 MAR', '10 MAR', '11 MAR', '12 MAR',
            '13 MAR', '14 MAR', '15 MAR', '16 MAR', '17 MAR', '18 MAR',
            '19 MAR'
        ],
        crosshair: true
    },

    tooltip: {
        formatter: function () {
            return this.points.reduce(function (s, point) {
                return s + '<br/>' + point.series.name + ': ' +
                    point.y + 'm';
            }, '<b>' + this.x + '</b>');
        },
        shared: true
    },

    series: [{
        name: 'AL',
        data: [0,0,0,0,0,0,0,0,0,0,0,0,5,6,12,29,39,39,52]
    }, {
        name: 'AK',
        data: [0,0,0,0,0,0,0,0,0,0,0,0,1,1,1,1,3,6,9]
    }, {
        name: 'AZ',
        data: [1,1,2,2,2,3,5,5,5,6,9,9,9,12,13,18,20,21,27]
    }, {
        name: 'AR',
        data: [0,0,0,0,0,0,0,0,0,0,1,6,9,12,16,22,22,22,37]
    }, {
        name: 'CA',
        data: [12,21,25,35,51,59,82,98,104,144,177,221,282,340,426,557,698,718,870]
    }, {
        name: 'CO',
        data: [0,0,0,0,0,4,8,8,8,15,34,45,77,101,131,160,160,184,221]
    }, {
        name: 'CT',
        data: [0,0,0,0,0,0,2,1,1,2,3,5,11,22,24,30,68,68,97]
    }, {
        name: 'DC',
        data: [0,0,0,0,0,0,0,2,2,5,10,10,10,10,16,22,22,31,40]
    }, {
        name: 'DE',
        data: [0,0,0,0,0,0,0,0,0,0,1,1,4,6,7,8,16,16,26]
    }, {
        name: 'FL',
        data: [0,2,3,3,4,4,8,11,14,15,28,35,50,76,115,155,216,217,330]
    }, {
        name: 'GA',
        data: [0,0,2,2,2,3,6,5,10,17,23,31,42,66,99,121,146,147,197]
    }, {
        name: 'HI',
        data: [0,0,0,0,0,0,1,1,2,2,2,2,2,4,6,7,10,14,16]
    }, {
        name: 'ID',
        data: [0,0,0,0,0,0,0,0,0,0,0,0,1,2,5,5,8,9,11]
    }, {
        name: 'IL',
        data: [3,4,4,4,5,5,6,7,7,12,25,32,46,64,93,105,161,161,290]
    }, {
        name: 'IN',
        data: [0,0,0,0,0,1,1,2,3,6,11,13,13,16,20,25,30,30,39]
    }, {
        name: 'IA',
        data: [0,0,0,0,0,0,0,0,3,8,13,16,17,17,18,23,23,29,39]
    }, {
        name: 'KS',
        data: [0,0,0,0,0,0,0,1,1,1,1,1,5,8,8,11,18,18,22]
    }, {
        name: 'KY',
        data: [0,0,0,0,0,1,1,1,4,6,8,10,14,14,20,21,26,27,35]
    }, {
        name: 'LA',
        data: [0,0,0,0,0,0,0,0,1,1,6,19,36,77,91,136,196,240,280]
    }, {
        name: 'ME',
        data: [0,0,0,0,0,0,0,0,0,0,0,0,5,6,12,17,32,32,42]
    }, {
        name: 'MA',
        data: [1,1,2,2,2,7,7,24,24,92,95,108,123,138,164,197,218,218,256]
    }, {
        name: 'MD',
        data: [0,0,0,0,0,3,3,5,5,8,9,12,18,26,32,41,60,60,85]
    }, {
        name: 'MI',
        data: [0,0,0,0,0,0,0,0,0,0,2,2,16,25,33,53,65,66,119]
    }, {
        name: 'MN',
        data: [0,0,0,0,0,1,1,1,2,3,5,9,14,21,35,54,60,60,76]
    }, {
        name: 'MS',
        data: [0,0,0,0,0,0,0,0,0,0,0,1,1,6,10,13,21,22,34]
    }, {
        name: 'MO',
        data: [0,0,0,0,0,0,0,1,1,1,1,1,2,4,5,6,11,16,24]
    }, {
        name: 'MT',
        data: [0,0,0,0,0,0,0,0,0,0,1,1,1,5,7,7,9,10,11]
    }, {
        name: 'NE',
        data: [0,0,0,0,0,1,1,1,3,3,5,10,13,14,17,18,21,24,29]
    }, {
        name: 'NV',
        data: [0,0,0,0,1,2,2,4,4,4,7,14,17,21,24,45,56,56,84]
    }, {
        name: 'NH',
        data: [0,1,2,2,2,2,2,6,5,4,5,6,6,7,13,17,26,26,39]
    }, {
        name: 'NJ',
        data: [0,0,0,0,2,2,4,5,5,15,23,29,51,69,98,178,267,267,427]
    }, {
        name: 'NM',
        data: [0,0,0,0,0,0,0,0,0,0,3,5,10,10,13,17,23,23,28]
    }, {
        name: 'NY',
        data: [0,1,2,11,23,36,76,106,142,173,220,328,421,525,732,967,1706,2480,3083]
    }, {
        name: 'NC',
        data: [0,0,1,1,1,2,2,2,2,7,7,15,17,24,33,38,64,66,93]
    }, {
        name: 'ND',
        data: [0,0,0,0,0,0,0,0,0,0,0,1,1,1,1,1,3,5,7]
    }, {
        name: 'OH',
        data: [0,0,0,0,0,0,0,0,0,3,4,5,13,26,37,50,67,67,89]
    }, {
        name: 'OK',
        data: [0,0,0,0,0,0,1,1,1,2,2,2,2,4,7,10,19,19,31]
    }, {
        name: 'OR',
        data: [1,3,3,3,3,3,6,14,14,15,19,24,30,32,36,39,66,68,75]
    }, {
        name: 'PA',
        data: [0,0,0,0,0,2,2,6,7,12,16,22,41,47,66,77,112,112,154]
    }, {
        name: 'RI',
        data: [1,2,2,2,2,2,3,3,3,3,5,5,14,20,20,21,23,23,33]
    }, {
        name: 'SC',
        data: [0,0,0,0,0,0,2,2,6,7,10,12,13,19,28,33,47,47,60]
    }, {
        name: 'SD',
        data: [0,0,0,0,0,0,0,0,0,0,8,8,8,9,9,10,11,11,11]
    }, {
        name: 'TN',
        data: [0,0,0,0,1,1,1,3,3,7,9,18,26,32,39,52,74,78,100]
    }, {
        name: 'TX',
        data: [1,1,1,1,4,5,9,12,14,13,21,27,43,57,72,85,110,134,223]
    }, {
        name: 'UT',
        data: [0,0,0,0,0,0,1,1,1,2,3,5,9,10,28,39,51,51,66]
    }, {
        name: 'VT',
        data: [0,0,0,0,0,0,0,1,1,1,1,2,2,5,8,12,12,17,18]
    }, {
        name: 'VA',
        data: [0,0,0,0,0,0,0,2,2,7,9,17,30,41,45,49,67,67,79]
    }, {
        name: 'WA',
        data: [11,18,27,39,70,83,107,128,128,267,366,442,568,572,643,904,1076,1014,1187]
    }, {
        name: 'WV',
        data: [0,0,0,0,0,0,0,0,0,0,0,0,0,0,0,0,1,1,2]
    }, {
        name: 'WI',
        data: [1,1,1,1,1,1,1,1,1,3,6,8,19,27,32,47,72,90,111]
    }, {
        name: 'WY',
        data: [0,0,0,0,0,0,0,0,0,0,0,1,1,2,3,3,11,15,18]
    }]
});
</script>




